
Cooling Scheme: Logarythmical
Ścieżka:
232 77 42 26 112 103 263 282 200 252 356 331 127 98 106 181 148 298 244 330 261 43 12 128 293 153 65 277 18 337 226 36 29 275 276 295 289 203 74 270 146 130 143 283 347 291 126 11 25 215 317 190 297 304 219 196 99 194 131 332 40 222 316 224 286 124 118 55 266 151 278 251 240 15 81 246 73 62 217 201 166 4 125 340 274 51 67 259 265 210 238 311 349 101 119 267 75 185 209 17 285 162 133 260 290 90 21 273 72 172 149 323 351 197 239 0 187 250 38 174 56 322 281 324 136 85 84 32 54 57 357 334 92 206 343 287 157 248 138 31 231 104 5 87 83 264 68 242 258 228 327 354 168 142 109 96 70 191 182 279 308 114 50 319 257 41 178 184 116 52 20 328 314 237 355 33 352 95 234 202 144 123 13 3 164 218 321 329 253 156 30 350 272 175 115 150 141 34 9 225 294 333 122 303 301 247 341 280 129 212 159 121 120 169 348 292 66 14 249 236 353 313 10 27 61 76 1 220 46 111 195 86 165 8 338 16 254 318 180 47 45 2 326 89 342 177 296 216 48 100 208 97 137 229 309 213 221 23 188 256 160 105 339 204 230 198 88 58 243 186 346 310 140 110 80 305 306 302 113 147 167 7 6 345 94 132 171 53 35 49 63 82 245 227 315 223 59 44 262 255 320 214 117 135 39 69 211 241 189 192 312 299 93 60 108 183 176 335 269 154 22 307 91 37 28 325 107 193 179 173 170 336 268 134 139 271 64 233 78 102 300 163 145 284 71 24 161 152 79 235 199 155 19 205 207 158 344 288 232
Długość ścieżki: 1470
Czas wykonania: 40018 ms
Cooling Scheme: Logarythmical
Ścieżka:
129 212 298 26 112 268 263 282 200 130 349 195 51 19 350 181 148 41 185 261 330 151 143 126 188 153 65 314 158 149 226 36 29 275 230 295 94 49 322 108 290 157 103 283 347 291 235 11 25 215 338 68 297 99 117 249 304 127 131 337 300 222 316 224 286 208 118 146 266 43 71 213 167 56 6 15 73 280 217 201 135 4 125 340 274 194 67 270 265 241 238 191 296 216 119 267 54 75 209 232 166 162 133 311 214 80 0 35 42 145 332 323 351 197 90 21 220 250 38 174 7 172 281 324 136 85 84 32 23 57 87 83 92 189 342 96 128 202 138 12 132 20 104 171 16 155 5 305 258 228 327 354 251 142 109 24 339 204 182 279 308 50 329 319 243 134 178 184 310 231 114 357 168 237 355 74 259 343 225 294 285 17 13 3 164 218 321 260 116 70 2 205 207 72 115 312 331 236 1 48 278 334 122 303 301 293 341 62 93 198 159 121 120 169 348 292 66 14 313 203 353 287 264 27 273 34 9 156 60 111 141 86 47 175 28 53 256 318 180 165 190 124 63 82 64 177 150 299 221 244 98 242 137 229 309 61 163 246 247 254 160 317 89 276 192 248 88 58 257 186 346 95 140 110 76 106 306 302 113 105 234 199 284 345 289 52 328 277 239 69 39 18 79 227 315 245 59 44 91 255 320 55 144 219 196 262 211 210 206 46 356 101 240 33 352 183 176 335 147 154 22 307 272 37 326 325 107 193 179 173 170 336 269 10 139 271 253 77 233 78 31 45 8 81 100 123 161 152 223 187 30 97 333 102 40 252 344 288 129
Długość ścieżki: 1455
Czas wykonania: 80034 ms
Cooling Scheme: Logarythmical
Ścieżka:
129 247 42 26 112 248 10 282 200 130 349 331 52 114 102 181 20 298 7 330 261 151 143 128 293 153 65 277 158 149 207 36 29 189 276 295 94 203 322 329 116 157 198 283 347 83 225 11 25 215 338 286 297 304 144 123 120 233 131 337 40 222 316 224 190 124 118 223 266 43 71 168 174 56 6 246 73 62 217 201 249 59 125 340 274 194 67 259 265 210 275 33 111 141 234 23 54 75 209 117 96 162 133 311 95 239 21 313 167 145 242 306 351 197 80 69 220 250 12 45 2 50 281 324 136 85 84 32 185 212 87 291 92 238 354 251 119 188 138 38 155 5 148 0 333 51 19 350 300 228 327 342 99 142 109 61 240 192 182 279 308 172 108 319 257 264 255 184 290 49 78 171 16 237 355 74 270 55 48 294 285 17 13 3 164 218 321 260 310 126 199 205 258 175 115 296 216 219 1 187 278 314 122 303 301 30 341 280 70 103 159 121 213 169 348 292 66 14 166 154 353 287 263 27 273 34 9 156 60 356 195 86 165 63 28 24 254 318 180 47 68 208 357 18 343 177 150 101 235 202 135 39 226 229 309 53 163 81 244 256 160 147 339 204 191 269 88 58 243 186 346 79 140 110 139 106 323 302 113 268 221 267 100 345 289 132 328 334 76 196 134 82 146 227 315 245 4 44 272 178 320 253 35 90 305 262 332 241 206 46 312 299 89 230 352 183 176 335 317 77 72 307 91 37 326 325 107 193 179 173 170 336 105 232 41 271 214 236 127 98 31 93 8 15 284 57 161 152 64 231 104 97 22 211 137 252 344 288 129
Długość ścieżki: 1416
Czas wykonania: 120071 ms
Cooling Scheme: Logarythmical
Ścieżka:
126 202 157 26 112 103 10 282 274 130 349 299 119 244 350 181 20 298 7 284 15 151 143 225 294 153 65 314 158 149 226 36 29 189 276 295 289 139 271 259 214 339 342 283 347 291 45 2 138 215 308 286 297 99 144 123 333 194 131 265 137 222 316 224 68 124 67 253 266 43 71 273 128 267 75 212 341 62 217 201 166 4 125 340 200 48 74 270 337 241 206 191 312 141 221 199 23 185 209 236 313 162 133 108 245 80 305 258 167 145 242 323 351 304 239 69 220 250 12 93 8 115 281 324 136 85 84 32 56 57 87 83 92 275 109 96 41 11 25 38 155 63 196 249 197 233 78 28 24 228 327 248 77 18 278 277 302 238 182 279 338 190 322 319 257 35 255 184 116 49 5 171 53 237 355 50 260 310 235 293 120 17 13 3 164 218 321 329 146 187 330 205 300 175 172 150 216 76 1 21 16 263 122 303 301 203 73 280 70 147 159 121 285 169 348 292 66 14 135 154 22 31 264 27 168 34 9 142 352 111 101 86 165 261 354 213 256 318 180 47 60 353 287 89 343 177 296 331 156 30 0 357 334 229 309 251 231 114 148 254 160 317 240 204 192 198 88 58 243 186 346 79 140 110 219 106 306 42 113 268 129 54 247 345 193 52 328 61 134 51 19 82 95 227 315 55 59 44 40 178 320 290 90 39 102 262 332 210 230 33 356 195 174 46 311 183 176 335 269 232 72 307 272 37 326 325 107 94 179 173 170 336 105 234 100 118 223 117 127 98 207 163 246 6 81 188 161 152 64 132 104 97 208 211 91 252 344 288 126
Długość ścieżki: 1404
Czas wykonania: 160113 ms
Cooling Scheme: Logarythmical
Ścieżka:
128 293 70 26 112 100 263 282 274 130 349 195 234 244 211 181 20 115 11 6 81 151 143 225 294 153 65 53 158 149 40 36 29 189 276 345 193 154 322 352 223 187 205 283 347 291 235 202 138 215 338 339 182 258 144 123 207 194 131 337 91 222 316 224 286 124 67 310 266 43 278 251 221 267 68 22 341 62 217 201 273 4 125 33 275 191 311 259 265 241 238 192 111 299 119 23 185 75 209 93 198 162 133 74 214 139 106 300 163 145 242 306 351 99 49 63 45 25 38 122 199 54 8 57 136 85 84 32 50 247 87 83 92 206 71 16 174 2 250 12 219 196 0 102 137 51 78 357 168 228 327 317 236 142 109 277 302 281 324 279 308 76 271 319 257 77 18 108 245 127 98 148 304 237 355 60 260 64 41 188 120 17 13 3 164 218 270 329 116 48 330 353 313 72 172 356 216 232 90 69 39 21 126 303 200 203 73 280 157 248 159 121 285 169 348 292 34 9 249 190 297 197 10 27 314 66 14 220 46 312 141 86 47 261 354 24 254 318 180 165 321 343 287 89 342 177 150 101 156 30 114 326 96 229 309 334 231 328 213 256 160 105 240 204 230 103 88 58 243 186 346 79 140 110 239 305 323 42 113 269 167 56 15 295 94 52 171 61 35 155 5 82 290 227 315 253 59 44 272 178 184 55 80 1 350 262 332 210 340 301 296 331 264 179 320 183 176 335 147 117 175 307 226 37 28 325 107 289 255 173 170 336 268 129 212 118 146 134 233 19 135 298 7 246 284 31 161 152 95 132 104 97 208 333 166 252 344 288 128
Długość ścieżki: 1367
Czas wykonania: 200174 ms
Cooling Scheme: Logarythmical
Ścieżka:
128 202 157 26 112 103 10 282 200 130 111 299 119 244 102 181 114 115 11 6 15 151 143 225 294 153 65 273 158 149 226 36 29 238 276 295 289 190 322 260 223 187 205 283 347 288 235 293 138 215 338 89 182 258 144 123 300 194 131 337 272 222 316 224 286 208 118 64 266 43 71 16 45 2 212 135 341 280 217 201 166 4 125 33 189 192 311 183 265 241 206 204 312 216 126 23 199 54 57 336 105 162 133 108 95 139 106 40 174 145 242 323 351 99 49 5 298 250 38 234 267 185 75 209 136 85 84 32 7 247 87 83 92 275 278 334 167 56 25 12 90 69 39 0 197 233 19 171 251 228 327 248 134 142 109 277 302 301 324 279 308 8 271 319 257 35 18 74 214 127 98 211 91 237 355 60 352 79 122 188 120 17 13 3 164 218 259 329 290 232 80 353 313 72 172 356 141 77 219 196 21 48 221 303 274 203 73 62 117 249 159 121 285 169 348 292 34 9 61 154 297 304 263 27 314 66 14 220 46 349 101 86 47 261 354 96 256 318 180 165 321 343 287 339 342 177 150 331 156 30 20 28 168 229 309 213 231 328 24 254 160 147 70 191 230 268 88 58 243 186 346 116 140 110 239 305 306 42 113 317 41 330 50 345 193 52 148 68 333 51 78 67 245 227 315 253 59 44 207 178 184 55 76 1 350 262 332 210 340 281 296 195 240 255 320 270 176 335 269 264 175 307 137 37 326 325 107 94 179 173 170 93 198 129 100 82 146 236 155 97 22 163 284 246 81 31 161 152 310 132 104 63 124 357 53 252 344 291 128
Długość ścieżki: 1355
Czas wykonania: 240176 ms
Cooling Scheme: Logarythmical
Ścieżka:
128 202 157 26 112 103 10 282 200 130 111 299 119 244 102 181 114 115 11 6 15 151 143 225 294 153 65 273 158 149 226 36 29 238 276 295 289 190 322 260 223 187 205 283 347 288 235 293 138 215 338 89 182 258 144 123 300 194 131 337 272 222 316 224 286 208 118 64 266 43 71 16 45 2 212 135 341 280 217 201 166 4 125 33 189 192 311 183 265 241 206 204 312 216 126 23 199 54 57 336 105 162 133 108 95 139 106 40 174 145 242 323 351 99 49 5 298 250 38 234 267 185 75 209 136 85 84 32 7 247 87 83 92 275 278 334 167 56 25 12 90 69 39 0 197 233 19 171 251 228 327 248 134 142 109 277 302 301 324 279 308 8 271 319 257 35 18 74 214 127 98 211 91 237 355 60 352 79 122 188 120 17 13 3 164 218 259 329 290 232 80 353 313 72 172 356 141 77 219 196 21 48 221 303 274 203 73 62 117 249 159 121 285 169 348 292 34 9 61 154 297 304 263 27 314 66 14 220 46 349 101 86 47 261 354 96 256 318 180 165 321 343 287 339 342 177 150 331 156 30 20 28 168 229 309 213 231 328 24 254 160 147 70 191 230 268 88 58 243 186 346 116 140 110 239 305 306 42 113 317 41 330 50 345 193 52 148 68 333 51 78 67 245 227 315 253 59 44 207 178 184 55 76 1 350 262 332 210 340 281 296 195 240 255 320 270 176 335 269 264 175 307 137 37 326 325 107 94 179 173 170 93 198 129 100 82 146 236 155 97 22 163 284 246 81 31 161 152 310 132 104 63 124 357 53 252 344 291 128
Długość ścieżki: 1355
Czas wykonania: 280193 ms
Cooling Scheme: Logarythmical
Ścieżka:
128 202 157 26 112 103 10 282 200 130 111 299 119 244 102 181 114 115 11 6 15 151 143 225 294 153 65 273 158 149 226 36 29 238 276 295 289 190 322 260 223 187 205 283 347 288 235 293 138 215 338 89 182 258 144 123 300 194 131 337 272 222 316 224 286 208 118 64 266 43 71 16 45 2 212 135 341 280 217 201 166 4 125 33 189 192 311 183 265 241 206 204 312 216 126 23 199 54 57 336 105 162 133 108 95 139 106 40 174 145 242 323 351 99 49 5 298 250 38 234 267 185 75 209 136 85 84 32 7 247 87 83 92 275 278 334 167 56 25 12 90 69 39 0 197 233 19 171 251 228 327 248 134 142 109 277 302 301 324 279 308 8 271 319 257 35 18 74 214 127 98 211 91 237 355 60 352 79 122 188 120 17 13 3 164 218 259 329 290 232 80 353 313 72 172 356 141 77 219 196 21 48 221 303 274 203 73 62 117 249 159 121 285 169 348 292 34 9 61 154 297 304 263 27 314 66 14 220 46 349 101 86 47 261 354 96 256 318 180 165 321 343 287 339 342 177 150 331 156 30 20 28 168 229 309 213 231 328 24 254 160 147 70 191 230 268 88 58 243 186 346 116 140 110 239 305 306 42 113 317 41 330 50 345 193 52 148 68 333 51 78 67 245 227 315 253 59 44 207 178 184 55 76 1 350 262 332 210 340 281 296 195 240 255 320 270 176 335 269 264 175 307 137 37 326 325 107 94 179 173 170 93 198 129 100 82 146 236 155 97 22 163 284 246 81 31 161 152 310 132 104 63 124 357 53 252 344 291 128
Długość ścieżki: 1355
Czas wykonania: 320196 ms
